1547
0409
1279
0759
0851
0666
1127
0835
0443
0077
0624
1569
0171
0776
0697
0034
0328
1191
0873
1399
1092
0617
1245
0638
0163
0555
1384
0903
1368
0480
1443
1161
0863
1332
0826
0400
1566
0735
1073
0520
0737
1258
1077
1295
1069
1060
0275
1217
0771
0446
1409
0332
1087
0231
1237
0447
0312
0930
0862
0092
1180
1468
1303
0980
0847
0860
1558
0414
1471
1496
0184
1072
0855
1085
0360
1320
0821
1413
0848
0235
1070
0300
0569
1115
1535
0951
1265
0887
0277
0042
1436
0779
1048
0896
1208
1118
1142
0844
0419
0005
1016
0333
1565
1271
0502
0615
1353
0754
1464
1286
0644
0575
0888
1152
0452
0797
1068
0793
0344
1280
1532
0345
0582
0049
0485
0207
0521
0561
1542
0254
0474
0404
1210
1147
1533
1446
0871
0172
0854
1076
0159
0542
1472
1188
0879
1056
0091
0174
1509
0158
0687
0725
0852
0657
0014
0710
1305
0524
1416
0222
0634
0979
0864
0037
0354
0155
0741
0665
0727
0123
0557
1427
1476
0422
0642
0129
1151
0326
0472
0567
0673
0192
1190
0491
0531
0649
1211
1135
0179
1448
0768
1321
1309
1346
0900
1408
0618
0720
0244
0236
0412
1086
0470
0770
1226
0920
1178
1235
1529
0024
1300
0488
0261
1236
1367
0248
1421
1308
0676
0086
0633
0025
0774
1112
0690
0157
1360
1370
1028
1144
1340
0305
1418
1432
0384
1215
0208
0264
0704
1355
0006
0201
0671
0068
0306
1499
0283
1439
1362
1412
0494
0080
0497
1088
1521
0434
0216
1079
1377
0444
0378
0045
1459
1314
1163
0350
1057
0377
1518
1110
0629
1482
0102
0451
1405
0321
0982
0740
0838
1347
1526
1197
1186
1492
1227
0204
0364
1220
0767
0239
0620
0499
0684
0382
0562
0790
0800
1054
1173
1134
0745
0794
0641
0334
1116
0448
1198
0646
1555
1212
1107
1133
0540
1104
1484
1329
0206
0753
1501
0628
1270
1259
0590
0769
0096
0656
1394
0548
0290
0130
1192
0379
0146
1441
0515
1462
1082
0963
0373
0269
0968
0498
0692
0437
0467
0661
1403
1281
1162
0160
0237
1349
1093
0403
1380
0097
1071
0810
1531
1402
0162
0635
0660
1015
0789
0655
0831
0456
0191
0607
0462
1527
0927
0003
0223
0132
1375
1336
0088
1398
1538
1157
0259
1256
1357
0699
1247
0315
1465
0932
0007
0153
0383
0168
0746
0366
1141
0399
1201
0533
0865
0507
0442
0016
1411
1522
0981
1500
0632
1560
0464
1339
0738
0516
0303
1371
0450
0069
1080
0528
0144
0595
0218
0509
0518
0596
0307
0169
0150
0357
0272
0637
0736
1150
1504
0134
0598
1395
0706
0238
0601
1378
1523
1554
0227
0858
1120
0995
0566
0198
0674
0829
0817
0544
0960
1298
0755
1289
1400
0884
1209
0719
0190
0143
0203
0700
1154
1497
0675
0496
0286
1452
0707
0319
0568
1223
0536
1078
0756
0441
0654
0363
0730
0285
0785
1331
0529
0359
1326
1185
0747
1062
1343
0220
0214
0606
1058
0381
0574
0688
1415
0093
0822
0510
0662
0226
1551
0714
1306
0278
0217
1543
1143
0825
1396
0882
0691
0572
1477
1546
1333
1470
0577
0252
1122
0580
0811
1495
0416
1457
0418
0636
0100
1455
0209
1244
0388
0232
0317
0809
0955
1552
0816
0694
0141
0424
0094
1388
0998
0621
0147
0786
0964
0148
0693
0484
0763
1382
0681
1561
0612
0170
0423
0374
0057
0161
0752
0907
1313
0347
1365
1230
0095
1273
1451
1105
1003
1148
1491
1009
1294
1149
1410
1021
0559
0830
0215
0749
0343
1312
1350
0915
1449
0415
1275
0876
1206
0060
1194
0527
1132
1438
0103
1284
1510
1341
0613
0149
0268
0439
0253
1250
0260
1440
1374
0849
1514
1445
0435
0342
1049
1426
1195
1089
0490
0408
1505
0813
1428
1469
1325
0517
0318
1202
1420
0539
0483
1359
0337
0667
0302
1167
0308
1361
0846
1253
0180
0041
1225
0194
0473
0417
0868
1301
1297
0280
1369
1165
1274
1128
0708
0009
0433
1063
0104
0563
1556
1342
0243
1545
1525
1126
1267
0256
1124
1293
1434
0288
1288
1493
0087
0625
0784
0177
0579
1224
0651
0375
0808
0240
1417
1131
0294
0616
0185
1113
0316
0564
0166
0716
1397
1423
0113
1461
1099
0458
0828
0225
1563
0178
0291
1055
1429
0643
0002
0010
0013
0026
0035
0040
0044
0061
0063
0071
0073
0082
0090
0107
0110
0154
0164
0175
0182
0183
0186
0189
0197
0219
0224
0233
0241
0245
0250
0255
0262
0271
0273
0293
0295
0304
0336
0338
0339
0341
0349
0367
0369
0370
0387
0389
0392
0405
0411
0413
0420
0428
0430
0438
0445
0449
0461
0475
0476
0478
0482
0492
0493
0495
0504
0505
0514
0526
0532
0534
0535
0537
0543
0549
0551
0552
0554
0558
0565
0576
0583
0587
0589
0602
0608
0611
0622
0623
0630
0645
0647
0653
0668
0679
0683
0686
0689
0696
0702
0711
0717
0723
0724
0732
0739
0760
0764
0766
0778
0783
0788
0820
0824
0832
0834
0850
0857
0861
0866
0867
0870
0895
0902
0906
0909
0910
0918
0923
0934
0971
0990
0991
1008
1013
1061
1081
1091
1094
1100
1111
1119
1123
1137
1140
1153
1155
1156
1159
1168
1171
1177
1184
1187
1193
1196
1204
1219
1222
1228
1233
1238
1240
1241
1246
1254
1260
1272
1276
1287
1290
1291
1296
1310
1317
1319
1345
1351
1356
1364
1385
1390
1391
1393
1401
1419
1425
1431
1447
1458
1474
1479
1480
1483
1486
1498
1508
1515
1530
1537
1539
1540
1541
1548
1562
1564
1567
1568
0001
0004
0015
0017
0020
0021
0023
0028
0036
0038
0039
0046
0047
0048
0050
0051
0053
0059
0064
0067
0074
0075
0076
0079
0083
0085
0089
0098
0099
0106
0108
0109
0111
0112
0114
0115
0116
0120
0125
0126
0128
0131
0133
0137
0138
0140
0142
0145
0151
0152
0156
0165
0167
0173
0176
0181
0187
0188
0193
0195
0196
0199
0200
0202
0205
0210
0211
0212
0213
0221
0228
0229
0230
0234
0242
0246
0247
0249
0251
0257
0258
0263
0265
0266
0267
0270
0274
0276
0279
0281
0282
0284
0287
0289
0292
0296
0297
0298
0299
0301
0309
0310
0311
0313
0314
0320
0322
0323
0324
0325
0327
0329
0330
0331
0335
0340
0346
0348
0351
0352
0353
0355
0361
0362
0365
0368
0371
0372
0376
0380
0385
0386
0390
0391
0393
0394
0395
0396
0397
0398
0401
0402
0406
0407
0410
0421
0425
0426
0427
0429
0431
0432
0436
0440
0453
0454
0455
0457
0459
0460
0463
0465
0466
0468
0469
0471
0477
0479
0481
0486
0487
0489
0500
0501
0503
0506
0508
0511
0512
0513
0519
0522
0523
0525
0530
0538
0541
0545
0546
0550
0553
0556
0560
0570
0571
0573
0578
0581
0584
0586
0588
0591
0592
0593
0594
0597
0599
0600
0603
0604
0605
0609
0610
0614
0619
0626
0627
0631
0639
0640
0648
0650
0652
0658
0659
0663
0664
0669
0670
0672
0677
0678
0680
0682
0685
0695
0698
0701
0703
0705
0709
0712
0713
0715
0718
0721
0722
0726
0728
0729
0731
0733
0734
0742
0743
0744
0748
0750
0751
0757
0758
0761
0762
0765
0772
0773
0775
0777
0780
0781
0782
0787
0791
0792
0795
0796
0798
0799
0801
0802
0803
0804
0805
0806
0807
0812
0814
0815
0818
0819
0823
0827
0833
0836
0837
0839
0840
0841
0842
0843
0845
0859
0869
0872
0874
0875
0877
0878
0883
0886
0889
0891
0897
0904
0911
0919
0921
0926
0944
0945
0949
0952
0961
0962
0965
0974
0976
0977
1000
1001
1005
1006
1007
1010
1011
1018
1020
1022
1024
1026
1047
1051
1064
1065
1066
1067
1074
1075
1083
1084
1090
1095
1096
1097
1098
1101
1102
1103
1106
1108
1109
1114
1117
1121
1125
1129
1130
1136
1138
1139
1145
1146
1158
1160
1164
1166
1169
1170
1172
1174
1175
1176
1179
1181
1182
1183
1189
1199
1200
1203
1205
1207
1213
1214
1216
1218
1221
1229
1231
1232
1234
1239
1242
1243
1248
1249
1251
1252
1255
1257
1261
1262
1263
1264
1266
1268
1269
1277
1278
1282
1283
1285
1292
1299
1302
1304
1311
1315
1316
1318
1322
1323
1324
1327
1328
1330
1334
1335
1337
1338
1344
1348
1352
1354
1358
1363
1366
1373
1376
1379
1381
1383
1387
1389
1392
1404
1406
1407
1414
1422
1424
1430
1433
1435
1437
1442
1444
1450
1453
1454
1456
1460
1463
1466
1467
1473
1475
1478
1481
1485
1487
1488
1489
1490
1494
1502
1503
1506
1507
1511
1512
1513
1516
1517
1519
1520
1524
1528
1534
1536
1544
1549
1550
1553
1557
1559
1570
